22   26.3319
23   27.0782
23   26.6205
23   26.6337
23   26.4463
23   26.3689
22   26.0541
22   26.2164
22   26.2993
22   25.879
22   26.3291
22   26.5152
22   26.0903
22   26.0795
22   26.1863
22   25.5822
22   26.1435
22   26.2469
22   26.4806
22   26.1049
22   26.2156
22   26.9985
22   26.7314
22   27.0777
22   27.9596
22   27.5699
22   27.9629
21   27.8421
21   27.3659
21   26.9864
21   27.6833
20   27.0604
20   27.8702
20   27.6032
20   27.4094
21   28.2155
21   27.6998
21   27.5736
21   27.5141
21   27.5203
21   27.0383
21   27.5204
21   27.9327
21   28.3154
21   27.9032
21   27.7038
20   27.1396
20   27.4202
20   27.0443
20   26.5307


mae = 5.50191