16   20.284
16   20.3669
16   20.2968
17   20.7723
17   20.6098
17   21.0458
17   20.8305
17   20.6117
17   20.2144
17   20.6399
18   20.437
18   21.6815
18   20.7431
18   20.8165
18   21.4758
19   21.1223
19   21.5377
19   20.9071
19   20.5114
19   19.9808
19   20.2914
19   20.173
19   20.0215
19   20.2686
19   20.2644
19   19.8063
19   19.8183
19   20.3327
19   19.9436
19   19.6538
19   20.4941
18   19.8416
18   20.5861
18   20.7193
18   19.5092
19   20.2729
18   20.794
18   20.9772
18   21.287
18   21.1623
18   20.877
18   20.983
18   21.419
18   21.4846
18   20.5878
18   20.8352
18   20.9859
18   20.3199
18   20.8783
18   21.1575
18   20.9325
18   21.359
18   20.5041
18   21.8253
18   21.3487
18   20.8576
18   20.9328
18   20.6564
18   21.4804
18   22.0284
19   21.0074
19   21.1651
19   20.652
19   21.1282
18   21.6806
18   21.1772
18   21.1368
18   21.8766
18   22.1071
18   22.3229
18   22.4511
17   22.0734
17   21.7797
17   21.2038
17   22.3628
17   21.4408
17   21.2521
17   22.0698
17   22.0418
17   21.4955
17   21.7701
16   21.7862
16   21.711
16   20.8826
16   20.8838
16   21.5811
16   20.5664
16   20.9282
16   21.6636
16   21.2791
16   22.335
16   21.6692
16   21.966
16   21.6942
16   21.9479
16   22.4033
15   22.0113
15   21.9958
15   21.9148
15   22.2902
15   22.3558
14   23.096
14   22.9636
14   22.7332
14   23.7076
14   23.3331
14   22.6654
14   22.7153
14   22.3394
14   21.7788
16   21.9177
16   22.3247
16   22.0503
15   21.6983
15   21.1413
16   22.1489
16   21.4673
16   21.2018
16   21.7543
16   22.7987
17   21.7556
17   22.9789
17   23.0011
17   23.6421
17   23.926
18   23.7507
18   23.9799
18   23.8416
18   24.2503
18   24.0677
18   24.8946
18   24.917
18   23.6633
18   23.8892
18   24.1995
19   24.7719
19   24.8172
19   24.5897
19   24.6269
19   25.1835
20   24.5082
20   24.5625
20   24.9305
20   25.1064
20   25.6615
21   25.6723
21   25.1265
21   25.3523
21   25.9252
21   25.473
21   26.0533
21   25.2665
21   25.5942
21   25.3923
21   25.7566
21   26.0567
21   27.1681
21   26.9892
21   26.1131
21   26.7979
21   27.1561
21   26.6677
21   27.1715
21   27.3028
21   27.5671
21   26.545
21   26.648
21   26.9431
21   26.9383
21   27.1238
22   27.6242
22   27.2694
22   27.0535
22   27.4687
22   27.2195
22   27.3266
22   28.6252
22   28.9615
22   28.4164
22   28.3408
22   27.4878
22   28.0586
22   27.8663
22   27.8246
22   27.7862
22   28.1736
22   27.4978
22   28.5597
22   29.1832
22   28.2821
22   27.9028
22   28.337
22   28.0848
22   28.0362
22   28.3295
22   27.8256
22   28.1239
22   28.1565
22   27.9061
22   29.0605
22   28.9564
22   29.2217
22   29.414
22   29.5222
22   29.3292
22   29.7397
22   28.9287
23   29.264
23   28.5251
23   29.152
23   29.0624
23   29.1312
23   29.4071
23   29.6647
23   28.5957
24   28.7248
23   29.3874
23   28.9594
23   29.7763
23   30.4566
24   30.4969
24   31.0518
24   30.9999
24   31.1821
24   31.2064
25   31.0443
25   30.9517
25   31.3903
25   32.3242
25   31.4486
26   32.712
26   32.6222
26   31.7649
26   31.8536
26   32.24
27   31.9621
27   32.0322
27   31.8532
27   31.8303
27   32.164
27   32.1455
27   33.4029
27   32.8739
27   32.4062
27   32.6293
28   33.0021
28   32.818
28   31.7079
28   32.2488
28   32.5289
28   32.5566
27   32.025
27   33.0858
27   33.2397
27   33.798
27   33.0649
27   32.5448
27   33.0265
27   33.1572
27   33.8244
27   33.2153
27   33.8073
27   33.0729
27   33.9087
27   33.605
27   33.3735
27   32.7385
27   31.897
27   31.7955
27   32.262
28   33.3525
28   33.6956
28   32.1882
28   33.2784
28   33.9737
28   34.264
28   33.9483
28   33.3969
28   32.9845
28   33.3558
29   32.5814
29   32.9717
29   33.3497
29   32.7028
29   31.9456
29   32.0963
29   32.8182
29   33.8377
29   33.218
29   32.5108
29   33.5422
29   33.9194
29   33.3444
29   33.2578
29   32.7311
29   32.8583
29   33.7453
29   33.8409
29   33.5789
29   34.057
29   33.38
28   33.7998
28   33.5721
28   33.8513
28   33.5815
28   32.1638
28   32.4937
28   32.9665
28   33.2671
28   32.8039
28   32.953
28   32.4067
28   31.9872
28   32.3042
28   31.6369
28   31.6723
27   31.5267
27   31.3676
27   31.483
27   31.8628
28   31.3259
28   31.2912
28   30.5832
28   30.9213
28   30.9567
28   30.313
28   30.685
28   30.9753
28   31.062
28   30.9217
28   32.5522
28   31.7908
28   30.9271
28   30.8654
28   30.6821
28   30.0642
27   30.8087
27   29.7836
26   29.8793
26   29.9262
26   29.1315
26   30.3565
26   29.2441
26   28.4234
26   29.0325
27   28.387
27   29.3439
27   28.3393
27   28.3192
27   28.3095
27   28.5867
27   28.685
27   27.8728
27   28.1725
27   28.1601
27   28.481
27   28.0431
27   27.7964
26   29.3064
26   28.2307
26   28.4672
26   28.142
26   28.7346
26   28.436
26   27.6947
26   28.3763
26   28.511
26   27.8409
26   29.0574
26   29.1806
26   28.1155
26   28.0975
26   28.0398
26   29.2574
26   29.1708
28   28.1734
28   28.7191
28   28.3597
28   28.861
28   29.2022
28   29.6578
28   28.7362
28   28.0255
28   27.9573
28   28.7757
29   29.6796
29   28.8285
29   28.4101
29   28.6148
29   29.2667
31   29.3727
31   29.3372
31   29.0451
31   29.0508
31   28.5122
31   28.927
27   28.7291
27   29.4443
27   28.6364
27   28.7467
27   28.8124
27   28.5903
27   28.445
27   28.4579
27   28.5639
27   29.2893
27   29.042
27   27.962
27   29.3355
27   28.09
27   28.5537
27   28.6947
27   28.1066
27   28.601
27   28.271
28   27.1266
28   28.3426
28   28.4064
27   29.0857
27   28.2366
28   28.4597
28   28.2602
28   27.8071
28   27.8277
28   27.836
28   28.1904
28   27.8106
28   27.9756
28   28.0821
28   27.7713
28   27.3299
28   26.8836
28   26.979
28   27.4976
28   27.3805
28   27.0901
28   27.182
28   27.5911
28   27.2272
28   40.9745
28   41.184
27   41.0969
27   42.2491
27   41.8034
27   41.6707
27   41.7668
26   41.9983
26   41.6669
26   41.4359
26   40.6412
26   41.3212
26   40.8338
26   41.1166
26   40.3752
27   40.826
28   41.2894
28   41.3186
28   40.8579
28   40.1041
28   40.8205
29   41.2918
29   41.1405
29   41.5299
29   41.6324
29   41.5609
29   41.9904
29   42.3707
29   42.1442
29   43.2812
29   43.5607
29   44.0843
28   44.1201
28   44.0958
28   44.6989
28   44.5033
28   45.528
28   44.2634
28   43.8274
28   43.9256
28   43.8979
28   43.4017
28   43.0477
28   42.6803
28   42.9429
28   43.1427
28   43.7271
28   43.6832
28   44.0922
28   44.4967
28   44.1467
29   44.257
29   43.129
29   44.1698
29   43.8336
29   43.8663
29   44.0683
27   44.5092
27   44.9568
27   44.0012
27   44.6959
28   45.1791
28   45.4358
28   45.2277
28   44.8995
28   45.4042
28   45.4154
28   45.5248
28   44.7513
28   44.1485
28   44.0627
28   43.8002
28   43.6886
28   43.6469
28   44.2343
28   42.9776
28   43.5799
27   44.2821
27   44.1873
27   44.3625
27   44.5517
27   43.7035
27   44.8224
27   44.0075
27   44.0653
27   44.2906
28   43.0531
28   43.8903
28   44.9618
28   44.7584
28   43.9822
28   42.9275
28   43.042
28   44.0046
28   43.7999
28   43.9775
28   43.2045
26   42.2945
26   42.4521
26   42.4566
26   42.2898
26   42.8128
26   41.0515
26   40.2576
26   40.7556
26   40.3636
26   41.1742
26   40.3205
26   40.9079
25   40.861
24   39.9206
25   39.7638
25   40.246
25   38.8054
25   39.0734
24   39.3597
24   39.3263
24   39.3011
24   39.03
24   39.2833
24   39.403
24   39.4258
24   39.2885
24   38.949
24   38.3919
24   38.6343
25   38.351
25   37.6445
25   38.8031
25   38.6758
25   38.1083
25   37.7354
25   37.2084
25   39.0835
25   37.6224
25   37.6649
25   36.6573
25   36.2757
24   36.6659
24   37.2153
24   36.5806
27   35.4927
27   35.9131
27   36.441
27   36.1569
27   35.846
27   36.0379
27   35.7049
27   35.9121
26   34.7814
26   34.9078
25   34.7371
24   34.7718
24   35.0415
24   33.8434
25   34.4659
25   34.7138
23   34.7372
23   33.8339
23   34.2529
23   34.9411
23   35.324
23   35.0165
23   34.5934
23   34.0034
23   34.4209
23   34.2969
23   34.0298
23   34.6854
23   34.0694
23   34.4225
23   34.285
23   34.7034
23   34.2365
23   33.4642
23   33.911
23   34.6147
23   33.7012
23   33.98
22   33.5618
22   33.7197
22   33.9542
22   34.0516
22   34.0495
22   33.4235
22   33.4575
22   33.1427
21   33.3543
21   33.0318
21   33.2185
21   33.3895
21   33.7478
21   33.9389
21   33.5573
21   34.1531
21   34.3187
21   34.3375
21   35.0808
21   35.0322
21   36.0614
47   34.7794
47   35.2437
47   36.0385
47   35.308
47   35.8575
48   36.4411
48   37.2402
48   37.6348
48   37.0483
48   36.8758
48   36.151
48   36.3029
48   36.2958
49   36.3973
50   35.6498
50   35.9337
49   36.4272
49   36.5739
49   36.8844
49   36.1296
50   36.5756
49   37.6223
50   37.8374
50   37.4484
51   37.8463
51   37.3541
51   38.6052
50   38.5784
51   39.7505
51   39.0601
51   38.764
51   38.9498
51   39.154
51   38.7881
51   40.5464
50   40.7572
46   39.988
46   40.3294
46   40.6137
46   40.9252
47   41.2393
47   40.9886
47   41.3429
47   41.566
47   42.528
47   42.2669
47   42.7178
47   42.6638
47   42.9211
47   42.96
47   42.5326
46   42.5321
46   42.5232
46   43.3236
46   42.8062
46   42.8485
46   43.2846
46   43.3523
46   42.5713
46   42.5378
46   42.211
44   42.8601
44   42.6232
44   43.3012
44   43.4856
44   43.3227
44   42.4465
44   41.6564
44   42.6251
44   41.7712
45   41.195
45   42.1415
45   42.9199
45   42.9385
45   42.2091
46   42.0354
46   42.5093
46   41.914
46   41.7547
46   42.6052
46   41.3164
46   41.749
46   42.7547
46   42.6007
46   43.2351
46   42.4303
46   42.0107
46   40.9199
46   41.4604
46   41.9007
45   42.9287
45   42.0344
45   41.4192
45   41.7856
45   41.7233
45   41.71
45   41.9065
45   41.5884
45   41.6554
45   41.3597
45   41.0839
45   41.1124
45   41.4941
45   41.8514
45   42.7433
45   42.5897
44   42.6919
44   42.0647
44   42.2263
44   42.5907
44   42.7561
45   43.5308
45   43.6762
45   42.8712
45   42.3864
46   42.4515
45   41.836
45   41.9058
45   42.7995
45   41.6134
45   41.4806
45   41.5846
45   40.812
45   40.2496
45   40.3525
45   39.8838
45   39.9005
45   38.9886
45   39.8617
45   39.5033
45   39.6478
45   39.5094
45   40.6857
45   39.5748
45   39.9898
46   40.178
46   39.8047
46   40.2279
46   39.3692
45   40.0905
46   39.0888
45   39.2178
45   40.0334
45   39.304
45   39.0259
45   39.9598
45   39.48
45   39.3541
45   39.5714
45   38.023
45   38.4702
45   38.3452
45   37.581
45   36.7264
45   36.7724
46   36.7358
45   36.6703
45   36.9219
45   36.754
45   35.4049
44   36.4407
44   35.5806
44   36.048
44   36.8793
44   36.8973
46   35.8757
45   36.2615
45   36.4728
45   37.0427
45   35.9982
46   35.1124
45   35.8079
45   36.5348
45   35.3955
45   35.6976
45   35.8157
44   36.5779
44   37.3383
44   37.1842
43   37.5002
43   37.1136
43   38.1737
43   37.2186
43   36.7753
43   36.3026
43   37.3521
43   36.5733
43   36.4977
43   36.3125
43   35.9083
43   36.4507
42   35.8672
42   34.651
42   35.1531
42   34.8372
44   35.5561
42   34.6093
42   34.827
41   36.1922
41   35.7042
40   34.5997
40   34.4583
40   34.6206
40   34.564
39   35.6124
39   35.0781
39   35.1464
39   34.5096
39   34.5569
39   35.1035
39   33.8232
39   33.5952
38   35.1066
38   34.2223
38   34.3656
39   33.4927
39   34.8174
39   33.8216
39   33.685
39   32.5582
39   33.5056
39   33.0562
39   32.1285
39   32.3888
39   32.4583
39   33.445
38   33.1405
38   33.2654
38   32.083
38   32.9235
39   32.7576
39   32.4486
39   32.5528
39   31.91
39   33.3071
38   33.6457
32   32.8405
32   33.2507
32   33.7838
32   33.9088
34   34.0476
34   33.3737
34   33.3266
34   33.1397
34   33.4844
35   33.1822
35   32.039
35   32.3635
35   32.7053
35   32.6473
35   32.8049
35   32.5174
35   33.0155
35   32.561
35   32.3853
35   31.9635
35   31.6221
35   30.2595
35   30.5003
35   31.3066
35   30.7225
35   30.5167
35   30.7783
35   30.8787
33   30.6866
33   30.0934
32   30.0619
32   30.5986
32   31.1592
32   30.9474
32   31.9621
30   31.2032
30   31.4931
30   31.8261
30   31.5665
30   31.6296
29   31.9033
29   32.0085
29   32.6001
29   31.445
29   31.4058
29   31.7026
29   31.7687
29   32.1393
28   32.1066
28   32.1867
28   30.8251
28   30.9112
28   31.054
28   30.6181
29   29.3681
29   29.2145
29   29.0125
29   29.7975
29   29.3334
28   28.6102
28   28.152
28   28.0036
28   28.384
28   29.0815
28   28.2876
28   28.4227
28   28.7645
28   28.9985
28   29.3325
28   29.341
28   29.5397
28   29.1783
28   29.7398
28   29.7885
28   29.5774
28   29.781
28   29.2336
28   28.9747
28   28.9092
28   29.0625
28   28.7172
28   28.4193
28   28.172
28   29.0495
29   28.4701
28   28.5139
28   28.0671
28   27.9639
28   28.6343
30   27.9673
29   28.2748
29   28.3535
29   28.9011
29   27.9525
30   28.2976
28   28.7071
28   28.328
28   28.6606
28   28.8634
28   28.577
28   28.3492
28   28.6568
28   27.9041
28   28.0894
28   27.456
26   27.363
26   26.8031
26   26.798
26   26.4982
26   26.0781
25   26.0381
25   26.1148
25   26.7617
25   27.5031
28   27.2392
26   27.5032
26   27.2987
26   27.1593
26   27.3063
26   27.1428
25   26.8637
25   27.1085
25   27.1103
25   27.2649
25   27.0909
25   28.0123
25   27.9225
25   28.7817
25   28.7703
26   28.7047
26   29.1127
26   28.9739
26   29.8623
26   30.3616
25   29.8538
25   29.6992
25   29.6545
25   30.4192
25   30.4021
26   30.4966
26   31.2592
26   31.064
26   31.1369
26   30.957
27   30.0016
27   28.8847
27   29.0705
27   29.9211
27   30.6198
27   30.9069
27   30.9348
27   29.8576
28   30.4948
28   29.9177
29   29.5792
29   29.6192
29   30.7132
29   30.2697
29   29.901
29   30.8356
29   30.1575
29   30.1384
29   30.006
29   29.3915
29   30.1903
28   30.0298
28   29.7534
28   30.0154
28   29.5259
29   29.5441
28   29.3659
27   28.4629
27   27.9957
27   28.964
28   28.9054
28   28.4711
28   29.3506
28   30.5779
28   29.3745
28   29.3306
28   28.7788
28   29.0328
28   29.3501
27   30.0587
27   31.17
27   30.8316
27   32.4115
27   31.9281
27   31.9339
27   31.8657
27   30.8971
27   31.0659
27   31.8167
27   31.5626
27   31.5425
27   31.7601
27   31.8517
27   32.9477
27   32.552
27   32.8565
27   32.4336
27   32.7086
27   32.316
27   32.4951
28   32.9969
28   33.1629
28   33.6295
28   33.7227
28   33.1601
28   33.0508
28   32.2303
28   33.1514
28   32.4461
27   32.4555
27   31.4354
27   32.2736
27   31.5696
27   32.446
27   31.1667
27   31.6165
27   31.128
27   31.7443
27   30.7185
27   31.3271
27   31.559
27   31.5253
27   30.7135
27   30.8266
27   30.7204
27   30.2781
27   30.4199
27   31.1074
27   31.1059
27   31.1727
28   31.7959
28   31.3711
28   31.5357
28   30.8914
28   30.5904
28   30.8073
27   31.0426
27   30.5755
27   30.275
27   29.9096
27   29.7689
27   30.4025
27   30.0265
27   29.543
27   29.0511
26   29.0103
25   28.6749
25   27.9116
25   27.8065
25   27.7491
25   28.4238
25   28.5956
25   28.2035
25   28.1382
26   27.7905
26   27.4615
25   27.7801
25   27.649
25   27.7262
25   28.2662
25   28.7222
25   28.3399
25   28.049
25   28.1932
25   28.5405
25   28.4158
25   28.6909
24   28.074
24   28.0753
24   27.3588
23   27.1202
23   26.8604
23   27.1348
23   27.2939
23   27.1138
23   27.3359
23   26.7426
23   25.9161
23   26.8546
23   26.8609
23   26.6924
23   26.4834
23   26.8227
23   26.8064
23   26.5933
23   26.9658
23   26.7668
23   26.0641
23   26.3109
23   26.105
23   25.9917
23   25.5919
23   25.7938
23   25.9508
23   25.7881
22   25.708
22   25.9726
22   25.7583
22   25.2347
22   24.9081
22   26.2045
22   26.5443
22   26.4379
22   27.1782
22   27.3852
22   27.1989
22   27.6535
22   27.5387
23   28.2503
23   28.5205
23   27.7802
23   28.0549
22   28.0956
22   28.1735
22   28.0168
22   28.3292
22   27.9169
22   27.7092
22   27.4972
22   27.3431
22   27.7164
22   27.5181
22   26.951
22   26.9122
22   26.6736
22   26.7644
22   26.166
22   26.8261
22   25.7786
22   26.1288
22   26.2867
22   27.7619
22   27.1951
22   27.8551
22   26.5832
23   26.9529
23   27.6189
23   27.2929
24   27.5647
24   26.8892
24   26.2257
23   27.2511
23   27.1298
23   27.0138
23   27.061
24   26.3708
22   27.4486
22   27.2771
22   27.6517
22   26.5634
22   27.1184
23   27.7254
23   27.4174
23   27.0278
23   27.1554
23   27.046
22   26.958
22   27.1298
22   26.9251
22   26.0074
22   26.3898
22   26.6614
22   26.3245
22   25.8854
22   26.415
22   26.3414
22   26.7748
22   26.5918
22   27.2082
22   26.6143
22   27.0574
22   27.9458
22   27.7603
22   27.5249
22   28.4119
22   27.8452
22   28.3727
21   27.8401
21   27.6156
21   27.1669
21   28.2786
20   27.1994
20   28.0757
20   27.8899
20   27.4879
21   28.1927
21   27.2767
21   27.7727
21   27.7235
21   27.6695
21   27.3047
21   27.8712
21   27.834
21   28.6129
21   28.2835
21   28.2138
20   27.6145
20   27.8468
20   27.6628
20   27.4216


mae = 5.77766